mutations
T60A
P143R
A173T
P242S
R351L
D372G
P402L
R548H
Q593H
R610P
R610Q
D659V
T671I
D675N
H696R
D719G
R723Q
G766E
W787C
R830W
T856S
H896R
V902D
R982M
R991H
Q1018P
T1055M
